3489035978933121
3512941707698187
3477387511088019
3600567161203191
3573807153480196
3517609569657070
3489153994433578
3569593329031718
3570005641422797
3560955138807805
3493096409268713
3568017994779268
3598669410020689
3595378190553241
3524326160871790
3500214822383187
3611512154926879
3556564113772491
3534105319207573
3563853944567995
3607268253346258
3552798710677166
3508957236737566
3457667438187103
3571256417022093
3510959064772874
3510821218727992
3597022806854746
3587410875051088
3556908876895369
3613178040530862
3553893516900664
3479432260028908
3513012256273438
3533232005844611
3476496058745719
3600352316557797
3625703373470078
3487239915378586
3511082494250878
3608646216770601
3484703426810984
3580371633209083
3542723602157480
3565645549053109
3569285207117705
3506229823256156
3501483205495370
3481894371372964
3694165722285990
3551712554354222
3595005073056858
3489147207827234
3548245383004433
3532262362179252
3507555013581758
3494245048543363
3536959203003654
3570738839294188
3569413653686242
3660584488289199
3531526790267299
3609762572853631
3601556823599188
3509466467176769
3481908875335317
3608356143065421
3571724349958150
3556866124835333
3575967215479242
3567808006623930
3486986402905181
3557209810116804
3535499165497571
3553172620433013
3531594978010028
3503985849777083
3490019467667327
3489120016355026
3557183867882163
3490117287436856
3569260964559469
3476748715233639
3669176193172473
3517436147959632
3683750435840938
3554114233283397
3579612434924511
3499582631364492
3536966278412964
3560485317820031
3539934641848892
3506789418989200
3691572665166706
3594659617599403
3521889047287796
3529219726806472
3501410584664439
3609643358404403
3534319119064358
3478344538091714
3688526178542564
3591906363734814
3516243602868527
3689061070031230
3513456064319145
3616553960362276
3579213045176240
3501718618511248
3477641384873706
3476554078362696
3474212025399603
3569851425598862
3578711351932256
3553966325501855
3493352454615919
3607165052689827
3578563875680633
3486691253958660
3584147475788190
3559664044268333
3503183173448234
3477544462167812
3507985437364629
3478907988973801
3582318566646534
3479678805595388
3476720315058074
3484774495016696
3580430659551248
3541619364356112
3552807199963698
3559310590487460
3569804743002704
3485882990955466
3563806485447283
3510783452940844
3569178974225506
3514013067313963
3694189822345373
3479034115970282
3483063583782112
3610166090156883
3464774891129946
3544867177036329
3476903199574746
3556607201658627
3689099518678473
3491549667144074
3565666886349587
3565633213647450
3569828134903216
3466532812650608
3570377932253887
3513388757542796
3553913142155429
3558656408309110
3579991210320728
3511106943375346
3455048119687645
3573102354705643
3577524678014770
3488068805912999
3475730685784894
3536599683987468
3493217721117209
3552968810662725
3516051495056011
3500986368623203
3568010918476234
3491585033754109
3613103327395758
3595209751759677
3525766500915496
3514207993874298
3594995661369414
3539528054332151
3569096282914761
3505293927005981
3521135469424684
3489096444185203
3538765136241493
3489108179116905
3607521723473212
3497079273523040
3542723967098058
3689304725076460
3573789310793803
3563202510025232
3694446074391241
3522062918819998
3514180600361613
3564006922834971
3481413565663708
3480774739092721
3631215511239428
3575760281300835
3529837316276459
3651015800927256
3604696122007267
3575217886387632
3569931909734520
3567239007652877
3586161802851398
3570225436369763
3536960792696376
3569884660791223
3580744364143550
3562610706774275
3476014229176895
3594993887077991
3524953842289337
3613009442246735
3607152562636381
3508689455829552
3569281247606582
3601672934664369
3526434251143049
3476671204519909
3644211922184962
3553863896009411
3518451824207957
3569096354035928
3673279208789543
3604711900927683
3566612324133887
3547708273424153
3500083960436926
3536550971549456
3611180100371563
3599615632726490
3460892992058399
3533234900561204
3575637757640196
3452422104224738
3578315706971179
3569306211976297
3541615299321212
3688778810495566
3492459252380301
3489090936868577
3487238812292624
3498148767247403
3569092772169356
3687731072791527
3582116426197411
3580865684424007
3576395840224763
3556880691584685
3531109889902991
3464725276652656
3486530447983364
3453529848897130
3535493976947445
3501895438136859
3452380966725128
3569207713122547
3595286251032243
3587660373071129
3521423597056517
3567091888659283
3595428680960679
3486263653132914
3486673457841762
3558997363714404
3565267227940950
3532735908351193
3602611439603519
3453638683142474
3604242079885609
3569187894906400
3521726534882819
3569320678891861
3569876888998921
3694167773707412
3560607397333073
3602269863635520
3522771311121795
3533996732591077
3532621143238365
3536502098911595
3500632478948697
3516647300535472
3561586113832448
3476774355014599
3536176168264005
3607150053779665
3491555589673815
3600108606269491
3567823173938397
3612963241924836
3688516749875051
3591247774522147
3531576794677889
3478912548201005
3558758409836592
3534383233018984
3613514679797368
3576131040919374
3539127276222253
3694197800124348
3500947630475466
3650981189390338
3473324619770319
3569099457693002
3551034007727627
3521273369873226
3601333334894985
3553871978592378
3535739217981956
3515420177320341
3489942821335796
3608232839336801
3604402235240065
3489185887889575
3516222802868097
3536975887764280
3487316846362296
3485745111589213
3460081889000627
3632667465734419
3469223404153052
3649197423473131
3455278454240838
3537318084311339
3620326275349008
3483961038872775
3569658722461280
3633369105834794
3683685465521563
3536932275626915
3554968256246645
3487961456321584
3520673399481405
3684925415194613
3524271957181456
3484080714987190
3485902771037131
3569444959621890
3552073255524560
3539723253015954
3564414521502106
3569994707285886
3564073213737189
3593033951571746
3567770283321379
3492335394659283
3543335924656935
3664886960066812
3491568721987017
3564512882224934
3580083706773071
3533780360431082
3579348122148269
3350040253028385
3557586148357412
3496972759143336
3568023296209499
3484661135482506
3606476838699358
3540450231607216
3549913478403360
3539497507926156
3489101477126498
3569288578928062
3567794928724226
3585561417472269
3576537179244406
3571047833710111
3694168142597384
3604338167925692
3522122414861285
3553868174675202
3488069040840160
3600440409433496
3518033702079394
3534899925192369
3517844278615947
3544531288786944
3576548869204313
3500752607250904
3535575317211561
3574506318549853
3546287011912487
3569435451125015
3509294178132362
3526791279041276
3514193703878383
3481406094996295
3517026347649064
3485718775574527
3489099614454084
3484519405492647
3574405285896261
3694179979148280
3500592116827973
3690347769409020
3489186630221600
3580106896840401
3487191655426766
3492449035178406
3560735323590929
3597082663756628
3582474623796402
3624168329816340
3555835253302607
3461274552166859
3546008959383242
3569471903664017
3569865371580982
3586649520575173
3541944652894180
3613256306531605
3527867209657926
3685964956754161
3574739584933038
3587306604295652
3501893492379472
3679006043852862
3603163854589304
3540213088929437
3525081986261659
3563852438880027
3606625849443761
3626853283278784
3543898510979634
3557986733704409
3487373335401384
3556551304180279
3577604269092674
3536955356580994
3582621122374067
3634022108721584
3558592202743585
3599953362587747
3531067597928787
3575472573558362
3563749674113920
3512933638517149
3668092918118802
3567988890252640
3539491606180752
3491368825851241
3497485714216841
3479908011902517
3569222304706496
3484401952642594
3535633572604748
3563847472675997
3578576655428879
3496365798037366
3489142434505515
3540078733149734
3510910511006905
3489035374832682
3569223680606835
3569481810465816
3489163980623509
3589896742294688
3536516107985725
3563322060025796
3607133171814941
3569191531214526
3550768910663166
3590615252498304
3489937448229372
3569089802496496
3475189017268462
3576413816404303
3689501911995200
3568100933050229
3484420696534784
3485521986263315
3535616832540893
3569270367557889
3489009952634298
3548798792341725
3521784332486916
3606979400420766
3477110834353749
3492710012471539
3474196170493301
3560240555106062
3536539063803461
3576806777422468
3477636225244970
3516642124852390
3476055656644087
3484404997459078
3687377647760855
3558777120956241
3491543803024386
3556261566079424
3484429249048172
3574690985199156
3567148637484086
3608316766543224
3516204348375364
3539770724065765
3687649808276918
3573816145869148
3477785811268462
3492737561395470
3491576213000165
3476904852571197
3581191091804572
3586603458858758
3569630893157066
3543515281557515
3649723783487268
3604721673812861
3564960288706640
3608759563872878
3570627077989345
3484399150588225
3476892676051790
3598980971795843
3457125642347785
3502823666515332
3694540843901479
3563115163421244
3563829918886705
3492449014411924
3500050099603934
3539838806516597
3559731622493382
3485466512596739
3485011523234912
3500992748769953
3639260386712925
3572582382671723
3468095584549479
3476564970344448
3600633703362672
3606841663165498
3604331712294291
3513776416261903
3574920346733209
3601912844708626
3525022351834740
3503687710009782
3686551860653652
3482129147234171
3502570838211299
3517844509331642
3511911129487048
3476573711898284
3570762646922409
3489087799865259
3533739923211919
3553647100972891
3556564541154976
3457580171289757
3488736321072433
3535439631439061
3662745800617966
3516022743206833
3493879288634088
3492388209179833
3516747649161965
3521999906941401
3550671498093079
3490083770692016
3554213017672034
3636672451260096
3570869203192420
3688818420807547
3563050151616103
3500997319803592
3559025192971820
3475700722087968
3614253145257564
3476828583155088
3472368082960657
3500799034724262
3476913014630101
3498869415811827
3522816362039773
3571462713599109
3535622557543529
3651454973879505
3488713802136794
3516538713809703
3567842563458986
3543137035145163
3476452156883386
3552922828553742
3569481349451329
3516395172216335
3535619814650950
3648179172349025
3508416951695244
3488848166740066
3490292449965980
3551855717966611
3620018295903337
3567840542451486
3604720348265498
3697946027940242
3535649627465954
3602915262117377
3501313566911009
3476792642345808
3684526800267299
3572782132372776
3499161628022251
3531561934436883
3578943737262269
3618768330739184
3576032072029017
3567800750204590
3566382463216150
3694459651213688
3524928957451510
3597513560755213
3491623524636311
3657334168380064
3602859067013597
3613075443363848
3486168438022990
3600002557074454
3489438447217862
3503918791049877
3545636475076588
3578287747673518
3534320087633406
3505840155620926
3549686092318187
3495585271593099
3523142439447223
3489078643342383
3603883043316157
3485437719294972
3539535067086855
3580088660229461
3544865910069786
3694179416541403
3511915269299485
3563516428542155
3688902252927902
3502447869569057
3560851975885975
3625669277685908
3539333123970420
3480700310840479
3555026469159732
3488323454364109
3488860622959802
3535616220017408
3586317394575977
3553944799834359
3522065812103874
3384830802688153
3569576783098513
3498781704211712
3487894423824142
3498552099553675
3577912558961661
3563756657070799
3607706009398967
3544994960576079
3579991172564425
3556525094196431
3553299015706353
3560951041416734
3518511814617272
3480453215994714
3522074221531753
3479635566472827
3600413762644202
3580088047950909
3502151588614522
3562989984482763
3586944980556495
3597674685634950
3561129584857414
3575967576288863
3478693148247110
3489116337175352
3494171795104491
3484391252789011
3518904050006967
3538296473310311
3492448519351538
3512256731572773
3493189724090283
3602774912427244
3476011099904602
3475659776765538
3664010711257804
3570726042795883
3599938061281073
3523221149736189
3539241373690189
3453629262608984
3650760975508494
3539500829255294
3594987834559891
3570229739002279
3558335577759135
3656546879440065
3480707001144602
3569647041226131
3606421822581559
3553726293981044
3646313046790451
3567681754496978
3687069325429101
3493025545786832
3537392063163490
3505293494965288
3515279999381858
3574708723337563
3697941531177495
3617656609103157
3567754298585813
3579260033949191
3476463481768425
3567987384249393
3539702516376403
3607852234767114
3697946598058579
3484401939493750
3679689707007203
3484651085456735
3635767257237167
3521436003937817
3593731594664027
3558378724885153
3516692619120294
3584002755460929
3552909620538529
3503647151075575
3530423067768377
3552919997329099
3535680787697664
3558431304631440
3611963021774660
3591249682267613
3524006231630233
3604321059416823
3591226282354290
3491564464892130
3566414310741544
3453724347000346
3491972712674827
3570233467478195
3503911920559503
3536568360651934
3521928440481629
3602643123681995
3519592385660612
3489137766221618
3675081450231320
3500969977692651
3601801998091186
3483061063076840
3485013402340207
3697068939625998
3564076116658657
3580296563943100
3478872286876878
3485028749216845
3578305611262059
3495640019701213
3482573265648766
3465560953888712
3560839409344455
3567627990991236
3534295853120535
3558766337240721
3601362552599896
3603201330395460
3489068896186317
3536219285590704
3487333800556483
3594507398848135
3476742636930340
3554657370907067
3484724339608937
3490079798609754
3488860103182657
3546270792350128
3492701478000644
3520162789675046
3575785065272785
3670603720065006
3567665295750659
3466544342618479
3687445482970781
3604656955559943
3457616380880779
3505753517822653
3580423126961016
3514155220697946
3587374044930539
3502884354347322
3558394482644770
3559632658681336
3598092597450616
3556418781490303
3491706714410644
3604641868852445
3544835879726634
3596262509338646
3492337940615684
3455119418952354
3510520051025731
3574997992222370
3484403570896812
3606984689469388
3694185204785962
3692716216864631
3557714938525397
3563734469087333
3604785288686291
3554453552400460
3567986125844065
3569883273400637
3484788059533944
3570525035415200
3535158512224951
3651110990091157
3510817628717886
3475779444480201
3582540281281028
3479646236584041
3572119843566098
3497940054647275
3580773837524516
3519533341933969
3533360137322410
3485369632911837
3644236978724465
3569363711592162
3569207289146686
3687937889799348
3600371492116232
3524998339644279
3573604354359575
3451776512506518
3545679399574108
3655373212692622
3586314010384018
3585019140349233
3551837967798237
3475997196621695
3491717829841601
3603135417307950
3491544864925209
3491553588609239
3480497768613174
3488860002774854
3562401783685863
3603860545131642
3492491900931319
3528263013563152
3570675341704457
3569831858758056
3529447015597687
3510802479124842
3694262367485307
3676885747718910
3539541443339071
3476789282686011
3613266053872677
3493708597108003
3551735039680493
3522812779768092
3569827366704717
3489225288276286
3553910574974676
3476693899950085
3476556960113464
3520331211578553
3535775381245752
3601383015816200
3452222430499616
3587821191557535
3499181094188702
3476347987243728
3484377063826489
3541995274804532
3534023421298422
3488834052879768
3556582753345046
3463033320068479
3686593447136245
3694281149178232
3558688687772518
3499245883634226
3555358251621326
3630121455811585
3576042239113712
3535871284056847
3515605083029671
3512383823888408
3571402777000146
3476756831300415
3606478545711757
3529185320305155
3571008193214580
3569094618313881
3504387072468871
3455471589732561
3522813832871598
3522062138528886
3532600507531863
3571652732297803
3489097953609637
3542479737332211
3592306826992142
3520224013515980
3684090567660542
3605790654561737
3482227805732735
3501007159870395
3500269000576161
3566276356194468
3595241757879060
3515176005258497
3522397552936483
3596536183304553
3555491583937008
3542645769057965
3538045670262500
3543325993101342
3539558178455634
3514003047802364
3551892711507951
3517985131691650
3618851030147111
3682680904569511
3569798078203941
3577886554206198
3689252871531444
3688527940153648
3499193706686298
3556258520922794
3647470162446581
3591229885188029
3582245396466296
3608684103626012
3553516544823295
3490082080383734
3457653114185006
3547468505446787
3567827585828006
3568049938078131
3555670261721720
3588833264453928
3535832780539292
3489892804149018
3474237413378556
3569921633733163
3548612241976905
3586683368862254
3651040853398576
3528526713937206
3502815316353206
3562324654865954
3567813065474996
3551030900066285
3475973863764537
3379743945485799
3478206348931968
3554982156128981
3531957679551385
3663371628503052
3556413806921545
3644178900277111
3502949257220082
3541210708384352
3689382529269084
3478863390881124
3476808219775928
3516596515554070
3549696536243258
3608017679931214
3567082208112662
3476761289518680
3525830749478928
3600453134518069
3475831861399909
3660147152562235
3495222657050518
3463354599350536
3569204952917178
3596644085750641
3561836555194358
3593732223957950
3572048154848486
3602244861774232
3493888415670451
3551137359312575
3685447920105400
3491555228499082
3586264382744085
3697943938568537
3500938604210119
3559738497226707
3690343021183952
3510895101576065
3546644643403439
3481472155823132
3526368157155355
3491022178861871
3567830068390832
3592256290717677
3492002199258485
3601549630396186
3462537242957043
3476003118586439
3482454025429817
3521404504466636
3512642733943490
3535063637353866
3488998049645638
3609151533781720
3570726277704368
3651171602494589
3694226967432406
3489510606556319
3558727770195109
3582359099790087
3484432814099833
3493004046488512
3535628362541403
3626014721118492
3586644991153584
3512001798299989
3556950916318598
3691788764481838
3569658663845814
3495745049431350
3492446053240133
3504025666480847
3513524204261047
3489064139503488
3689038592535660
3513290493304816
3505676838179912
3489472027325168
3491552036431207
3602631093667066
3459357758498843
3553907546720888
3684126836169884
3534810259530570
3511492924642282
3651474695635841
3492658964036815
3475996311495215
3547853882402716
3521045488918643
3488808366711890
3569088515769132
3650948683958974
3512296465128459
3563784566439958
3507569304244685
3476689298354467
3520058485711818
3569617324300317
3489091498346620
3569591768355800
3565232666163032
3567853409845430
3600092441727665
3685957590853261
3694175721545664
3548451688069313
3569449539582932
3689037455673671
3525657218767582
3476699603835744
3602443977640496
3539498019737307
3475956478311632
3558065997906879
3642694800544710
3664059214134545
3502922216520685
3556259086805180
3539414598665114
3574935970255781
3474641237023164
3483981330353754
3538303036557409
3482294985747785
3553951221701502
3578285000527482
3608706866371751
3552931686789741
3529673642807596
3522088142548790
3501329089852051
3459443922790146
3603614419737740
3515549755997342
3564000099270887
3516618472368802
3580340301602868
3488623943077074
3479591228668237
3521404332482919
3574604649528092
3531807033128932
3606860735139819
3560538245904046
3563489068585280
3522061769619828
3569129141672616
3519139757199506
3531534726167643
3483288419645192
3562805615546326
3515105759247522
3538819598740889
3547370744190399
3617838936120152
3543210062202365
3570141738261622
3556546719667108
3567827463941151
3526712279402895
3518396224240158
3569228826855915
3477940169720424
3567821579988573
3693001060527378
3559400969012088
3558701748774243
3581467504131480
3477074696556911
3476653320024104
3676566855276819
3564809884900610
3612757158904294
3516394706413105
3549688521027374
3663907933793559
3578265614473435
3491582114671030
3619966076683384
3689051552962637
3491548534228211
3574766055179448
3553961631599530
3569862804630554
3487160143823574
3563729331117724
3516292306675519
3637228884723056
3589746401954402
3516361349003676
3580294068085232
3547977337564354
3522009113562735
3520504910331168
3536994468466103
3687631823436169
3517105192015834
3534840185838771
3488823655078819
3494885757600474
3564538458613926
3549665267788019
3553277234924864
3625597228248709
3570255152793754
3585917044371291
3485432052860221
3560965905636500
3452516866452873
3694279962616578
3650672509906872
3475985904876788
3551792254052062
3484520085121839
3464577842643036
3491594072714093
3491550992977247
3599887834485486
3563796012530136
3486854890044793
3601471004353060
3478848236361500
3549790778491622
3559636357693739
3489082904953389
3516196189961226
3534827825299244
3500428073857022
3533931498870950
3505305100637083
3598326383453776
3694168352742087
3543183801695829
3533777328272766
3613836680911246
3636271064499418
3545568494205770
3505814034098655
3500428216243674
3532899825071070
3488001407700350
3577793197210161
3500355843268563
3491544621466572
3588332417956987
3535515783433535
3603149179270810
3567836464741313
3491546567738403
3523166905046601
3498854609883720
3515863422717161
3544807488491673
3596623504464228
3602859314533134
3521711376511875
3518796410838100
3536853955568605
3574639831837648
3453301066925717
3575088752214705
3476569358351888
3518713854615344
3592307905061908
3600106408354965
3533779232441857
3498871676730328
3569125831757180
3543185106296917
3598828055639876
3588320657355198
3490095649239067
3475088676818687
3529127883262194
3656772843668120
3563761564568343
3494620366946102
3616009728134268
3522367311777458
3503895353461882
3694175394066733
3569204098154618
3561685333657854
3508455602110740
3560859768815251
3563508274970669
3664753576963284
3510890932292530
3515833974728440
3554993065464473
3478820784587744
3552389523111081
3516380156720562
3567765702683846
3694168818228069
3585254046272685
3507188213489088
3586622715271375
3594644627774586
3491543916953598
3597162498022674
3451804916598743
3536160468654893
3520966661376162
3477395653052393
3491643027771174
3558817197418963
3485365795239563
3536934448194556
3515172402306293
3531147474865146
3489157286822636
3586629925308711
3688523406217197
3522018328701914
3653561013720346
3498498710659473
3516393737842829
3531794916008696
3536977289275451
3556560317589935
3538305792221794
3476001294281594
3582594593483195
3572170187642250
3561912925400260
3570591862673402
3569810916533704
3549870176387013
3694525488386512
3453649164777578
3457688354734395
3501533528558289
3694304331568435
3538444489794715
3629437310172693
3599222416711344
3556231757516091
3461174400099598
3604576437825120
3610760707921870
3453675689558352
3596612913834830
3512606659077201
3560049802592181
3603166249390886
3558624364159841
3570351076301625
3570716009678220
3651156783630358
3572066672427504
3556748327615046
3492313617595414
3490113894293453
3532597747683973
3593779291912843
3521786505125193
3580155211542690
3493875048243620
3460064679567744
3562966579995883
3604683006393355
3569219192669812
3529973463269899
3608024058510644
3516598901979378
3604678954639668
3510860377096117
3664833612501379
3530849616119957
3518353152942302
3498478561361651
3536862985241757
3460774452684348
3476728628724751
3508583058869083
3553863182928051
3539421439631615
3567771868689748
3482085341954841
3488980601462787
3580415065838814
3694548225762219
3557600983051473
3575810457423610
3607987484215361
3478258433847667
3619914335835505
3500420544653787
3522004038267534
3688167146464361
3477075472427998
3491551634579276
3569284976394649
3512026494175760
3562224750320682
3477649144126147
3575278997524651
3658411864390176
3559094051069362
3549718543789565
3530860848054388
3457259298831551
3551768643908520
3559063650247117
3556253500078671
3579012888801887
3554239139423262
3564563184610988
3551774499537875
3516926778845338
3586592441055611
3457630930555174
3521401111509221
3464893543788087
3570201666822861
3555638921701628
3487706250691298
3625818762514205
3586313934109778
3476375468407135
3547930159640406
3694162631037474
3653384785642009
3538326063612101
3539493690675192
3618902963871537
3476757086903786
3564411622592850
3492438201386444
3561176371402127
3560196150182168
3556619570968102
3520721714145551
3529720404912831
3489442075923379
3572064554102299
3524541773271951
3694166221630518
3697924699779931
3476551272666639
3523879978614833
3476379494883694
3583323417004681
3538425326108148
3653342704448753
3586281571142628
3459719236794007
3694473730801764
3583224862958430
3556873166909356
3531904240271599
3610511268352922
3523113511584631
3480446090739784
3580794146211262
3604623678104048
3464863219571406
3616570095758987
3596457934640043
3556134663252800
3484442163066222
3501881290297597
3488808240636203
3573756108683552
3474993889611780
3482503652382705
3568004744840996
3570028836559215
3603146955630933
3522018735330496
3511788597024497
3551423410769068
3660535071939322
3560401838890785
3523451346020299
3508040840360783
3663518438021498
3476741144504142
3662387414965319
3453656936899673
3482538712218282
3476786354136193
3561656128374934
3653308625587985
3506133253657691
3476770433092020
3568099095489860
3491383639981633
3578188443230446
3521978864546641
3539492730542759
3491916861467733
3560449918047267
3469650639293155
3513262479906932
3601722780057799
3600427322813770
3603595070896498
3644204993218832
3485790535605269
3479427033665976
3596745735216635
3563996361613481
3606803176837565
3476847243082976
3573576990940167
3538430842051545
3555322930901610
3457489054090868
3512711013395147
3522057663384354
3555475565736887
3607938305908080
3516345091714694
3538389174946832
3491546966012511
3562224737855412
3490880437044775
3554974321629857
3500965435418414
3476566317719846
3510876583502945
3601548871988403
3576730989915390
3530858881251151
3570610216980905
3456869509414752
3504353644270244
3513457607556781
3541432742624818
3488801890821546
3458052369594626
3515599471078260
3569141380330160
3539490741912632
3689424116626444
3521705047522736
3549661786706779
3588639966003346
3515798561580059
3529768664816061
3569846765439099
3574633620443779
3512941028164269
3460008874729757
3522037349608716
3599727641719098
3510857797616558
3601507255205777
3563716224122682
3569552350681666
3452453997419541
3600314818916458
3586294556631993
3604484397691438
3630502047476920
3435454407726933
3500800086806326
3541746107098884
3531125748419928
3453254178451240
3676871982475683
3644188010671060
3574671301513431
3529692969638547
3537684699850722
3487036646825707
3518055328369428
3452584473649318
3605007607659996
3539506453586129
3517835907208784
3486585045774431
3478700387008482
3476559849884422
3569431202958037
3535810479128076
3585948313073053
3474949371560457
3559030854951184
3530125637252504
3486489126619759
3604430232223096
3628529369513105
3502046475014301
3500799898784795
3688448223402590
3520628361437697
3536937614625154
3507900985440121
3613487521466515
3531536294993622
3519124523511095
3625811233733342
3515977071270467
3561663095784004
3476433059938818
3549679364631318
3590501757933430
3492839960872769
3507874476782735
3686031016722029
3501369858201171
3488429172031138
3580408832559076
3553865121381289
3671001906510580
3577507121135039
3571792515595667
3556876651915970
3531524093331821
3489907987681057
3580131912103229
3556029880627359
3694217819812109
3539142166112871
3579453295197111
3564424549857223
3552907615754341
3524220476264802
3569424609073241
3553943076098945
3627260260747489
3478461773912071
3499972223441383
3549305279364765
3476751323900108
3603594810790261
3529202210905711
3475816099213996
3521973127092246
3491014906301836
3573094298344573
3563694547998711
3675079412124627
3481776967900908
3478718410227778
3535580233029694
3471349043416177
3589033244483137
3478749062799473
3593500484588570
3574981885638200
3478297025297295
3598678562887616
3684128371509575
3531157301666442
3577515161784386
3553941734583436
3539031692004076
3457514660417305
3677506940559135
3570244972675763
3519882198619469
3459991333888542
3476709573976614
3492459734875522
3562964356998971
3556597777008259
3501106442896957
3568065779906912
3529639043274611
3613390578811400
3515910432525662
3491611545989751
3689078133277653
3504394286475039
3554949747385522
3587819718917549
3458030367024814
3551764454340038
3569092495493393
3501337847084221
3581157687687108
3596450753920502
3524942954300053
3567642331335165
3569139052091832
3493401536294919
3510816303317584
3574881989641089
3516263789690380
3475560997435225
3524360365542040
3567477496185720
3492333909830321
3486843071090659
3560131016874796
3491571859596491
3569279633422411
3457250520132238
3521899399500318
3500236574025109
3496623327531255
3558192170227570
3537881727926497
3569094693330405
3604681035138411
3457191178925134
3477645428071034
3599714400236828
3597775851371366
3538021837991992
3497344144309737
3583025365366144
3521314507286931
3599309817909301
3572894955717966
3604583995292143
3672017288936066
3569607636098646
3489110939758010
3631473602937496
3521774652437255
3569663604882970
3553859836661039
3493200461638007
3541908481526544
3507329591118147
3531095800442217
3572898226590070
3457180764465171
3487700189668878
3516215341768548
3555380984218760
3550798464082936
3530173875627205
3572524799796330
3499877922886432
3512376240679226
3547825524904328
3481849667911377
3579045256408614
3553937992712129
3489202996195214
3604598545282849
3476536713907169
3694162165182131
3521052032264897
3497408434613063
3487581708809960
3564471580584081
3549688235790247
3517450127341666
3570221762017514
3475822150928775
3579405898625506
3439074688233106
3555293344435157
3562939258738096
3469903954912172
3501332705456634
3520926761349760
3552513678488927
3510914869800796
3569193523468717
3514388935498432
3487564139075943
3542852530926264
3602618083439560
3492098550161083
3514757086467700
3463394076393322
3484419925117064
3567705989056922
3519366098842462
3578318651907396
3481128558350104
3453249292186339
3485366437050016
3475357284342594
3476847167991333
3457544725440578
3493463742206046
3479956317568921
3485445931062285
3506162601099827
3600079791789491
3555062729195092
3453675718928162
3557585443383199
3548262931620300
3522547913686194
3495660563571954
3511607152335110
3663876879430376
3562951304661788
3498569279311346
3549941865150351
3564518959195705
3488336150630619
3537595357702442
3477927952120795
3553850860066204
3476047150609199
3683871567040637
3476004406604577
3549659249230256
3536835835733445
3536217955856683
3457519378932573
3453589098135002
3551747966140687
3523834940812803
3600000053764287
3486993755138946
3521597266900397
3520696271010663
3499135082795848
3500799772207648
3511619034372010
3553902362331431
3475077888525853
3559500692505883
3476724542925166
3460729330329170
3578869267070369
3530838648140161
3487608887436332
3532249750236372
3607317427897617
3458052025942521
3532588276615864
3515996041699323
3559003533831639
3570140195444112
3521891396337049
3500988793218007
3549667960651035
3515957161081635
3604446921356919
3505857700455984
3478611753805809
3475731117821179
3521266449018655
3686328803349758
3535630157535811
3570024213924346
3499630773739007
3501429299609842
3501169957796744
3536936402626899
3454632070539096
3577607247445512
3487641032588572
3533618351401336
3569274222154981
3570888089454436
3599155752940696
3588397069256424
3558711618218466
3564477058839350
3581237278609615
3688986222427270
3585553678828854
3688099362127971
3511687216690701
3521049788336599
3523266330931273
3619882367478362
3551719625241920
3482093444843170
3530028832389621
3470312370783354
3652617806566752
3558335318239831
3559315678191265
3552923453557753
3697936967527034
3604388440196743
3510861841251632
3533385877725900
3631073731086816
3479953821848171
3477260172103754
3553897220564515
3498870451692065
3694176045064502
3564472088564528
3587929294833069
3539552264519431
3569138116640284
3496628361121803
3481875903914439
3600441415772315
3533599414591845
3676825718607271
3495318807631968
3514044067395788
3476720403686044
3531589097045397
3498960855601223
3484415605205182
3569265619805107
3465261540071546
3487319200055757
3604301987098116
3555300805949457
3551685860964318
3530838043711256
3572031158867068
3453646882841201
3536935073488722
3488800305562925
3520706987923093
3456068187718256
3492306789391522
3557611934671068
3564448352737229
3515617766503869
3503676871907725
3534745704603181
3532583411534171
3598698775031631
3497008692459951
3573622352294410
3569222418287404
3535622159975022
3495729601661914
3531785202117968
3535489464046592
3684095995971132
3512912876773964
3624895717758116
3675076107205545
3512374956894100
3502028510223617
3557322171267375
3495220068943200
3564131828986167
3551571441152301
3549694913487439
3488985853178103
3605737424996159
3511601149675277
3569863450289404
3558722909032368
3488870240452997
3498638225486469
3478614278383900
3647791215625771
3531107364451044
3460099291076843
3567418918236069
3477849484677354
3541243373890933
3486845608638980
3555357253212303
3563719940577536
3484406834408808
3577958776120227
3570008544264892
3580407414982198
3569274846788204
3485063653900560
3482704601082178
3533039621438092
3513822251523529
3508656841096077
3547335546225411
3504906071366130
3559060366746545
3526019803754303
3492333762865738
3683685465521362
3587690400396038
3510807269083133
3558997711887948
3558681310591060
3582290796256990
3543117036842823
3475420018566028
3554953089566661
3475696053870419
3487357246294956
3492298274631749
3563705654088598
3588762925641828
3477832837695365
3569589017372004
3510778193690234
3578265069806860
3458665254354844
3476703361978782
3484706283005758
3503559360631269
3466379833885944
3531186942559097
3502571694470352
3486980387807610
3586875165869540
3531110162192187
3688082220443477
3532540005039375
3476748811452994
3521754763285985
3530762815392792
3586604645958819
3501888588979678
3586132413779178
3484405244976656
3599905131947401
3585025373018409
3585553637175264
3489016391886223
3567827204097241
3508028450318240
3476754284979460
3476694629370866
3485384707026662
3512683259172657
3457186108155483
3570581284440026
3472360072478251
3575054094359778
3563858042281330
3524337074071754
3562772975313571
3520704982549238
3539478301577463
3567656659726951
3587568375939436
3509835758939998
3511107626565991
3501746318309268
3512651000669866
3515306498371205
3558634073974282
3530665750336865
3479755288487484
3501143051251320
3688070450630068
3695953506645173
3477943483403687
3576715894477339
3475375470567128
3569190650602468
3554837192917154
3570358533599799
3674718999284440
3559141925072225
3549676018005772
3515526720258027
3556567812992363
3530990352007663
3511117647560269
3552907573807786
3602818340098734
3582592891073697
3488841124105986
3533568158624443
3553924831040775
3482530500417871
3521769287445261
3549938912618523
3688060438931282
3563801314145022
3484401692017275
3553964715338165
3598051547031992
3556788869679111
3507621707066049
3539757382411974
3501401046586213
3602527801217022
3456465409077567
3569584340277932
3482634359698716
3479752637974104
3504412003450064
3555282297142050
3476366005708918
3586847365965288
3488826536577004
3498577018422805
3602801513263583
3503669317756910
3580404713457922
3459674701651715
3549735002472473
3553858049968422
3523913675764517
3559018553079560
3523238128297682
3612307185629216
3530402973224216
3506164542817955
3501836730245140
3487675674072268
3552156538214128
3457148816430806
3511114191217907
3513770552486982
3549654979963656
3558621000947794
3515909513698334
3481870262536710
3578528366366709
3496244897298218
3464942885303239
3563653880253740
3574613797373183
3499922047806436
3509481592219934
3501069860404531
3512602401672717
3533257528667942
3488048661079851
3558061107430414
3549630475812583
3600431043127435
3555261954877976
3532243463220085
3552921767567165
3452418795146337
3498256908709310
3575405094635369
3515177133623130
3675680594481105
3601510937962192
3460068303693358
3552253253794574
3521102879439862
3530075636834956
3476736518116035
3536326634764845
3487579301290745
3488989674101466
3553855055057462
3492067357689689
3557662195382754
3501812546424620
3500763278016493
3502531345366671
3569983516395286
3612002058747899
3578525418093377
3559032574841155
3577877700108915
3510961962636034
3549399257399515
3613843534108659
3587286128562289
3599755370345974
3556779830962594
3601551484167477
3555342988059973
3571814817013398
3535471197714337
3475302015075964
3567719330485736
3580357981071019
3454620153860425
3558620920552382
3520984722058542
3611983083797092
3567649252389431
3459370434645053
3600367146791215
3536931868138242
3582516126811860
3498165074635652
3497007362625593
3527517275120435
3452470666168082
3489105411393740
3597185771771477
3556539375796087
3487620577388688
3521098215849074
3569826331310012
3453234448444600
3567801539097700
3553903511303352
3506150592854791
3567632537926235
3516342533967379
3493743171201367
3501712684038955
3475276719201366
3553833936285095
3513350363696034
3640534125561830
3569550760883033
3558607675129825
3525690437894314
3513487764664286
3576695027793562
3475292175812467
3515523134837511
3533981360632497
3521783459977821
3498832740966369
3510739161273887
3514062409017683
3580356198047641
3603362655796653
3574311804066048
3532661769045405
3454298556129386
3556738555126894
3519532482021237
3500640565556485
3552904797309443
3484401055105935
3555189178536102
3536930908133683
3567644815253057
3511499119440884
3558019692393026
3454043504573737
3543012318106246
3596697974510104
3459289069282624
3513445360222163
3501502087940050
3503200768806063
3533976356926086
3510535972551211
3521716896494896
3601885418142650
3456581075487348
3532657386723950
3580079256785389
3555301305301144
3570583243597176
3576542078570351
3569271974566222
3563528071928373
3515488262771092
3511134378316968
3569536332453552
3567640481959410
3536928793715312
3478873583320527
3517799466780658
3486567127953437
3596676713278888
3556608481082010
3496809274098555
3521638299530621
3486783347798216
3529687797669912
3563658858369004
3542785078505880
3502018951541090
3510486559337117
3601521595550755
3515296763540738
3459378101726338
3555278890580714
3532894309655677
3509007626879908
3503976928323160
3492443267520328
3556530529722533
3569519433492683
3576530703431516
3489096049680543
3578242625631799
3563617561986680
3505514078207940
3484429588852111
3453876256653682
3521621492850391
3485463900094387
3553916760910325
3510241607927503
3585893346832794
3555213250149371
3515232913489130
3532890178917843
3503976291300771
3600344279810683
3460049077161136
3456946235975270
3569532876232276
3510980376448123
3578248673445565
3590271042422629
3495381470293153
3455477713507351
3563477014831136
3521605651330955
11084174628
11151379535
11222430092
11250977112
11360556282
11538098770
11942894685
12124710868
12285869290
12507236437
12630150453
12654431093
12662034072
12664068005
12666286386
12790739984
12794183820
12853256975
12924953614
12988688370
13098999976
13347733575
13745664038
14451934569
14572844402
14573415538
3430383133707152
3431231695494904
3434607531680999
3438126422716322
3438850393633316
3456246314758621
3463847677679141
3464943167241703
3472189711824480
3484491677245790
3489846120931927
3495745049431350
3518899230287127
3521768570599275
3521801747516950
3524364710316855
3533796081398006
3549696167557624
3579440602398214
3594925134540355
3613146499346398
3626929515089045
3642868449461541
3650475917913991
3665650188943333
3667475285315591
3671427251474095
4010312877
4015662511
4016873519
4264473811
4298731725
4473713031
4568996921
4773139373
4964088237
4981606729
5575041885
5812946885
5823939867
6143639461
6412146003
6633920051
6707065365
6714838757
6962039301
7036016073
7037124023
7152081523
7310615435
7689288299
8305840245
8430939637
8435765103
8514365559
8535326047
8733329059
8807689996
8839253726
8876904039
8980305559
9006189127
9123353039
9125234827
9470689336
9482516276
9709415531
9744792787
9994126112
5014672719
3637802476450417
3456941445482117
3574745439791879
3621493907329885
8980409559
12503865997
3652295898285974
3580849070946458
3460534785842475
12504290996
3509877278145532
11223918284
3600472500033544
3629251955377130
3588510306653470
3431236909789503
3681287342351872
3495369100963035
3542494228852669
11612031304
3598297136252680
11723092688
3636703253820421
3470015812572469
3537287092758743
3453342204390396
9093194001
3671866000448918
3464521349728725
10118485892
3570396886342101
3476900925765076
3688507661352081
11691851808
3690342845389156
3599018788027726
3487773330097335
3584851305184750
3452242613367973
3677627598711516
3587776912150278
3693606902563909
5414581065
10500798481
3513053637645441
13028414490
3466560214073614
3537288631434255
9625309943
3675689847118819
3641940686358510
3499369234061373
3666068448578083
3486804995118496
3529444461570217
3530771027856551
3612550329930358
3510515051079873
3463028722452785
3644295632804327
3526911134896864
3670746158833988
3628378445767493
3526911806148667
5920160579
3624750884685484
3434502179068105
3434502632509300
9990915890
3466623065427204
3671864456536187
3639864711054901
3432445401740013
3447844604270340
3684550104311629
9562532470
3667323971476940
3527273095481188
3436302277884161
3437038567320755
3537314334364498
3444275133550537
3431396708309098
3473997231022947
9273702478
3669691169917475
3524731049829888
12632413000
11359352616
3562063030757565
3459500487235504
3651210739503980
12820036448
3503718928973499
3677301692714584
12121599009
3633401804458674
3569310934621862
3683320229338880
3475452394450433
3456601334072183
3490305792016240
3465290178839724
3532512024291396
12957206961
3683052229813691
3592460401473259
3563508098539020
3442339982932345
3661209242844717
3678671988548052
12320200359
3490225969803418
3553365545453097
3453709382176462
3662804605020153
3500742747066315
12288243712
3440970752842210
3491387087763855
3499718095540556
3519299555899024
3566770243990850
3495021582222582
3579817842261455
3678297499962235
3518844234364107
9337164932
3566411651418328
3618029784552667
3589032619564123
3596489828242945
3496059621663322
3583806089354336
3573654996748308
3482947695024494
10626957631
3492847066355083
9274181866
3474727647600259
11537444402
3526179644235802
3486866101511509
3446094362842662
3627567808052332
3690344686735860
3443198293078919
3488128242994444
3487773782935331
12920942184
3555865854451072
3580397474398912
12090756409
3644997478056536
11009289814
3467115484938955
3510202437310468
3627213444363991
3525097157800876
3495372922160457
3655914378660326
3638880819256762
3643599692060333
3508792371585419
3487773850065806
3509871830276200
3441374944963263
12789504878
3640254005268200
3462687482933069
3511691188783667
3653629439821056
3479352002406119
3653337189016788
3661720097012954
3636708140479471
3492484762535878
3606267379830652
3501180980666265
3511327954263609
3686520579604492
3673930365360616
10501004541
3658727678636487
3472036564964276
3515313511975723
3591778517277417
3554451539220289
3486683771508276
3662081150344143
3510341743178817
10791803265
12921579576
3570389508347461
3506285591100160
3449723291891054
3624749139397106
3679476476962147
3585980910557318
3459711930086790
3632365174067629
3525462036707788
3630177445536121
13243723302
3435226594677334
3449233740585852
3537176270295691
11872800922
3576547258592864
3430146881135637
7543349743
3541350882201531
3620043684674006
3487772847592790
3530534174738613
3587068259438206
3576098148857698
3683385949669730
3569311282790563
3526548340960548
3558076831020628
3442010554179846
9869369191
3553001530680641
3520007520415279
3625118897214690
3642009484589380
3490475866880139
10277984003
8910788557
3527991600503652
3620404084022378
3605541316382115
3515614834879738
12694125107
3616149998891184
3626563247392200
3586336114252712
3582892859042815
3436675499875591
3556627271716014
3455513780438023
11837924521
3484146263815488
3466024382527162
3580885099806171
3439056983551020
3605539902611264
3660992724773616
3631274776659914
3481883226430888
3480865240043251
3672229277302132
3482895211391753
3594993794792881
3464938310304634
3440919116361934
3456244717026885
3645703328729092
3510964689373648
3688513188475035
3637077655102648
3512722530227314
3433956898687951
3467817024061210
3502830818206166
3538767849906662
7613416015
13063688878
3564962566167548
3511691445084078
3537266309480703
3626568016523893
3479648908705055
3447183842084729
3465449725278438
3500457266169288
3447185402262172
3592312640719582
3556985347284861
3438126578115897
3467573359995617
3504592941868758
12957447480
3477988371054574
3621856378396715
3655484643376137
3588749369419701
3575470781687000
3651203051074592
3531955251008850
3590283252128899
3655003144764958
3522559792046748
3641787660630195
3528934820381778
3521112506287699
3455882723804406
3442351680379331
3483024559379187
3502456572916569
3516039436671082
3519294644556993
3555675944562137
3614245453056392
3457692721281607
3476177199337052
12819904692
3497324376407608
3489031574770645
3510964282092870
3470016831590231
3553366049544941
3560413117150342
3435372975496851
3492847267735222
3487772851788234
3454051184206215
3624230467795182
11613457895
3634883949397076
3476532532183193
3487304230029722
3430877557948757
3534807944021602
3433412893835316
3493209466523936
3608083890548734
3482315693122833
3461840895578462
3554070750866663
3463135648000835
11551037264
3668240780151769
3606637060976878
3464520448440898
11151945097
3608810041825814
3680560285186827
3498799416595923
3488127882255318
3539217332745620
3592866187997635
3430510518894908
11755377151
3494638076005498
3661159754900890
3542827822331884
5823092131
11581360470
3657007174820903
3460587444881939
10116836855
3477262496395503
3436676900877824
3543567307403511
3450810266488193
3618124408855701
3480161662294466
3514577696796827
12726726461
3620045467376767
3644304503814270
3454638260622134
3472471988330301
3492484535643856
3629429424761959
9992641702
3645722551359689
3507705123803255
3477261816729374
3690478949787140
3687313458259440
9708626023
3497188640651285
10659322562
3522200898065130
3673497974459671
3684832909710842
3445660521401475
3524361678051714
3493209244421396
3596126940860095
3617111165066315
3531527386439570
3621132588655175
3548642440898217
3676540166458184
3495745359903249
3443197722484598
3467468712038306
3535714283642037
3548799550635863
12033648298
3569311258245851
3463087720219567
3664256342263174
3604825159771173
3549363328440549
3614971919305404
3508791779391665
3566762135890422
3529803896329705
3619266764662626
3562062649036469
3500037390894911
3691068476346320
3456244855735947
3640508557367302
8950468993
3445012065167557
3570018706841989
3599749384757543
3518078317129403
3601562457207340
3641425679527903
3477261368074161
3465613282027283
10085971932
3692884555550413
3558434080871555
3456821903395664
3627787556017021
3483024442148266
3562063164625845
3478344526012011
3483374687734872
3595763139260360
3582717331334832
3465613344944969
3605184221454044
3509152486178579
3531260372651355
3688138889561958
3485961952281602
3646862101367987
3514951916467389
3597550747221196
3615332721339288
3589051019519726
3430146570381690
3656643843346304
3443922200564626
3546628391065321
12726266290
3521112702648839
3650021515394226
12566399114
3562407102052590
3608810424338662
10827506610
3657008232112076
3520615606621522
3508792182469911
3544272214765834
3455881196917287
3489619582403862
3580507793118707
3581263871252141
3672591694468990
3621856718589286
9166690107
3496304732494858
3562787890485775
3496390741401730
3657723692272390
3485599174840187
3602597271052903
3614609376571048
3660269349729284
10861419615
3530172898691848
3476901366717479
3671863835970716
3506251700581843
3690341180529865
3635251039800355
3502269343644238
3546719259990683
3603735756287105
3657316819275414
3472466208703368
3639823258974397
3554451921316963
3567136834046582
3646281631101573
3446822565157497
3636258464822897
3506955299184362
3533796890508877
3434854589237783
3433009556926378
3594171896010307
5449650633
3516363550963068
3632609764748447
3568935138349620
10086985386
9418540069
3449731571753475
3434502355559420
3541038562231787
3449098491259398
11359444642
3668591376920881
3664256354181639
3563872780714864
8369047513
11945150046
3537783458990503
3581631476102257
3578370241254298
3507704926624510
8146433647
3464940130182285
3586336142948134
3685563402130495
3673653318910062
3466650697344153
3547927551099920
11644545428
11502238009
3517486072880133
3644300254346184
3688379268835926
3504443687617362
3514228226542722
3505885982807878
3516040086152914
3545682617324011
3481610463156723
3436677161134904
3648164009142888
3462736598422707
3608434530276795
3450809285532463
3558424728344695
10897496575
3648630126707237
3641996688218613
3490632448295452
3498895604696997
12503235831
3467115988650057
3446095164267815
3547927882479854
3592141278504557
3542130695532328
12663856350
3539592617375757
3516366764546010
3667155243348017
3501900387471327
3524731041125317
3602514446112831
3474727131942026
3663530265464805
3433008218717594
3488760690201360
3448595137583412
3644906683897672
12034947988
3596484883216812
3449723120162020
6080316165
3432364724610324
6960005857
11550916100
3475042195582567
3535054657746579
3544998866268836
3497785049679746
3612291558113145
3451896397863435
3585980587979782
3471463854399715
3498817838136682
3525098818126560
3512912226090475
3667155633906132
3616058735120675
3512051848589820
3675071002028008
3676571074212221
3471103924123845
13205228574
3609897771990792
3621856731174222
3621131728410085
3659804528369695
3651541921514221
3532346885827123
3517126788266160
3470014621826783
3431227216808899
3555177980518814
3510203054091335
3613517116461807
3513470567836847
3539582136032517
3558790240650787
3676820240835145
9833726676
3596852550784401
9743573309
3467116651017002
7001078201
3433778054145123
3562788012496912
3643599608167216
3617335363866285
3616058210974291
3531260229612051
3584311347250126
3435462423700876
3519294278985282
3671462768386073
3502560654807856
3557143678916521
3512580532102919
11501258141
3488795100412304
3483934161391991
3659540899367035
11964076776
3600826004453829
12757294341
3454256721550776
3538032865068550
12540099788
3496176957778274
3530534610992844
9231485285
3562788121471307
9655586843
3579816873537336
12442169938
3600475796754463
3670758427843473
3480160911370792
3683825689301521
8431702113
3511691369566852
12758184584
11837016096
12695729092
3653014910886649
3544268264056795
3655373548121897
5448676913
3622479249177168
3591779159185268
3572934931027576
3652290618003288
12789225212
3507881092054394
3635627893359610
10898255329
3653016244814594
3438851680668391
3682186840210272
3579820426640084
3653015724387919
3531579949138011
3504442924082177
3535417732775353
3512931536474903
3677301704980825
3679823413017243
3665654191190871
9673602170
3529448131529127
7396888555
13064253526
3488846258262847
3573296614607302
3448772157944114
3643600728587522
3495366957480235
3505889074147625
11182712820
8083591237
3555177703333002
3467820220106487
3513862995205247
3473987764367627
6786321767
3634064315604696
3587429853952237
3537783412546909
3514228076081484
3500808966857156
3507704809629389
3664981159304255
3620043864481254
12288387045
3650847176832024
8209825805
3686350622250825
3565323066309899
3433412746212220
3432988069095587
3615667368899920
3456842262740516
3605186507770638
11581092199
3627243777601596
3680560520118168
3652288608577660
3554450658560202
3476176397792474
3693247878297640
3506620472685845
3618955484806258
3682279044660439
3661720016591503
3457694545547586
3602416178378380
10402071863
3473618312472201
3596127519169064
3471820328261648
12288519240
3660991885453853
3605544222572136
3625421893586936
3501181219249446
3627214547683809
3611341355232142
3451032509723824
3468204649472402
3682714610176692
3647932404093662
3558797106575895
3499370391367613
3630054153657481
3650847810504828
3514952302549626
3514513053468659
3612775555079225
12852534234
3514951601817568
3649036508290053
3486274633376676
3566049809062087
3444270725950234
10313557537
6331302075
12726186186
3599257195888679
12757408265
3676113144205719
3561338599266458
3493572253028860
3628378094021716
3435944865073410
3649947590743150
3493209369705753
3583806319474469
3532592022444576
8732913535
3465275926531305
3468203235510418
12378821174
3445012077720918
3528353220590227
3645317846806100
3458398181964394
3491392452054564
3477623935884031
3518572129572801
3441898884198732
12414551220
10826063736
3483033246135049
3685971771544423
3519295285474674
7577781753
3520388677944154
3430345267632918
3514227895561500
3689966221862824
3513862995205475
3522924717364482
3603012620351767
3564599817357079
3437385528756866
3466393099626132
3689580013940285
3483327027791525
3504700119293948
11438101888
3490296870706735
6363881301
3490547090148987
3438126892483397
3621494124969749
3510467890979932
11962624475
3678207431157049
3539214878492786
5413470099
3635990071203926
12726149431
3658570844922690
3450810279246124
3521113625239182
3509875038523509
3663169660177422
3471808114106582
3689970361844828
3512053186229020
3522200520534456
3643790780357050
3592866083500063
3484768307589133
9992191877
3500082709893902
11183029217
3535394609972829
3563150278658695
3498634940994737
3620770246310654
3605729745618918
4979030649
3577254036234807
3557525511695049
12035433403
3575469699705777
3670047719573142
3543218324542102
3588154508318741
3684883290970477
3561699820764548
3649393036994980
3571835025178710
9122793523
7613885777
3455883570802478
5791148583
3473637631956095
3564960330658831
3518129252441073
3477627056873869
3485599506287885
5450374931
12539370021
3494636817570624
3454340956064802
3493810439338275
3667878131754924
3585255171125362
3588788359732991
3509879493314656
3671863643550690
3627551987554463
3491035319805760
3502425845834856
6269013671
3501363562311556
3433939471878308
3492122386999802
13243586692
3524009297531500
3647902368436897
12789718868
3448266999983562
10898888437
3494251835165802
3652615377940433
3456796582815225
3458054102703407
3455156589122546
11692921984
3518079113394285
3533434796328099
7668363313
3452241241451372
14164596058
3447540282176787
3478346967030245
3442476448797535
3450938969119086
3464941329645490
3633384909489216
12249369691
3527634413580042
3474007259263438
3542128007341936
3576108240819848
3448552879223657
3491033357192331
3552640274875021
3516040242149830
3609529235333191
12632140637
11836819939
11787974388
3542711103821364
3639614374393979
3481612434491954
3569311236861754
3560976315643295
3569672462990380
3684157709896403
3501180703678686
3521475296522623
12287978096
12789074320
11439871182
12663080266
3551326526908988
3682710227222919
6364445565
3460752230459248
3613142917407730
3447539669450996
3690345773312635
12757838038
3578004774849514
3437038617667772
3656283385285833
3679476170379744
3547930248588916
3632682740861566
3548972339742760
7921451833
3468923212878063
3503336575849743
3460775190788047
3459145191817705
3451897451629355
3510436412340462
3514553734220968
3442578773047724
3655009721437837
3552277752794768
3637076686040558
3471445269648600
8083612461
3534516242949371
3601182616498093
3687028069508932
3678310238214730
12695198828
3516764862022446
3488496335875831
3445373790358029
3523649203807278
3460230215827392
3450808672991791
3446099233187147
3657794672559489
13419564337
3475077598934956
3601562423078753
13203769394
3461669856700093
3648555186900936
3665340263195410
3676209373863897
3519899357826822
3567136443998351
3681287673824135
3461678027201203
3522199917280228
3433413162086958
12567720631
3604824849049471
6927430559
3623579013238356
3451412190768736
3478934127722537
3495021586369801
3438851312034431
3557495710338116
3507709066524324
3500456791571967
3522924293695059
3475452402525507
3637802484377182
3529445409137483
3657934690972406
3443200138290159
3435226980652053
3510965402769426
3464165697897836
3526911743813748
3539591917464259
12566624631
3477624585938787
3467115631701402
7255063021
3654321947895573
3688899119784872
9372290656
3639613840756731
12957285407
3670417367335700
3497330773248939
3645411333868777
3530535345483916
3673316378107478
11501799022
3450980508733729
3508792358673054
3637075036985383
3592141345186595
3500779174081937
3602282278880142
12070243126
3677296450698581
3646336332781708
3542117492013759
3550102809436787
3583031019409981
3572935022870629
3576544586651261
3687285809493628
3457332820055113
3517850045972898
3610585117838279
3528723620037335
3515314467620502
3493749005393994
3612065551703054
9906571865
3657008059878927
3450440416822721
11332278542
3481865157708966
3491759239881120
3654109259883694
3459497613513903
12921729008
9195137430
3568919643791239
3461636868420227
3454262791498562
3527991613499920
3502455310109517
3597933196435282
3519987454913320
11943462856
12414119850
3537217828252275
3629264354597179
10063654318
3638157642128577
3635262242138016
3532978954916322
3541347607088160
3538063524916091
11644888998
3493572114119738
10439179483
3497189114491396
12631786790
3505316664436420
11581982224
3626558709713209
3531940839636043
3602282425406586
3547531323903024
10827196668
3472774444184716
13134776786
3476538614246628
3633806680615554
6856969937
3507979527652153
3663165169519106
3441367945013110
3512414869405744
3627531309257813
3522562937888817
3535757266133826
3526171352322700
10532297742
9167827150
3544870067272066
3497819811666043
3527635063768717
3564599066345792
3532697333362598
3474001441562136
3579094753154917
11786330274
8877738356
3647569965616994
12069184771
3513039950990735
3526182651410953
12852615721
3455156685730787
6744869479
3458598346354211
3435449429716488
3637802492766282
3495021787085278
3485599233578328
3489573449664133
3433413141109602
3431538928831364
13063260956
3562412865704829
3455158954804223
3624307303776369
3685539922223907
3492121262578925
3468198844455521
3511327928140379
3645281436358395
3489617393604639
3462390714296248
3564236712555991
3693972729699150
3517482449098500
3565305009371457
3559617466198907
3532346734819320
3655121696986940
3490220337393642
3515399226252827
9512896978
3485961889647843
7668085099
3511691210141550
3450067875116622
3679806295891661
6815899829
3677637660603800
3437392239160197
11944597294
3539587621972102
3557298921964922
3521475145643832
3485169677824071
3682726698011456
3571840263545542
3668964469593430
3682704714918335
3460626351539515
3653021965485604
3447186077276596
3456246139413071
3485962066083907
11393845280
3576715122617430
3647578271236597
3643237648102553
3533796894563006
3578731857668866
12090647630
8662768877
10863206763
12091387710
3562419009457276
3668966348910454
11005520215
3589590197528923
3686350160822548
3485599489505755
3537783349626525
3507705165756693
11909513270
3565685852394461
3452246324466953
3440298670009363
11297130961
3478713809723937
3519659297284638
4614538795
7397311693
3527273875294066
3595763646835413
3495376181067918
3627515576347891
3478864879869955
3628373018005526
3503718794721163
3564598734639635
3463009957192531
3442338112434145
3618108092564262
3508346696792612
3457326025953991
3645650895778092
10188019498
3644311834888946
3453340149115615
3560012259095646
3433778241948805
3646862155897419
3533058282075746
3590163747450122
3499369246647993
3482926895419794
3503718652077599
3605544713788004
3444649698232222
11501323409
12287283060
3440298497988440
3514952415126066
3503311489999328
3603013183136450
3519861689052012
3504441418239563
3509507390792947
3496360328778930
8146072529
3481214558369152
3662286243595747
3509154515713684
3432611093507680
3638520210358534
3496460316465599
12504615044
3566756054229062
3437038043134618
3535906252247023
3677637627045604
3469083183883980
3530172798554814
3495384132880091
3482699895668604
3601160730319952
3506251344154435
3440784177235537
3582322735104718
3581262801588870
3671358888727830
3491033302652730
3502412268671495
3449196214081093
3570760687961491
3547543377598938
3610792874150404
3460775475302972
3561338439677308
3677640202523096
3688897991135540
3445519772697525
3484836063015158
3459821493644530
3574020756467946
10595230655
10214151092
3598296042089808
13099775147
3484492017102067
3451078919885438
3478350020288863
5767354227
3635627956278121
3623583840775322
3472857596678339
3669328584633632
3458056010844536
3518900282914834
3512416220845444
3515314530541378
3542496933798376
3561699980814164
9419831012
3433413400899140
3547195389205880
3492483873030628
3570019201840484
3679022351281642
3523650093602719
3478713478290009
11330971090
3587068107990441
3480709240469730
3528359377758048
3515625140356336
3689960726830541
3430479070059195
3660630588889828
3643237472760704
3440299261330321
3647565377980739
3483277145265675
3488804663333038
3483967720110971
3488496100931248
3692885284813260
3679803544486554
3441378388597526
3645706935648793
3584365881602846
3484991377729606
3453979151025827
3492121485305096
7429562157
3509512353321964
3473638499831503
3516762862094347
3617855301917119
3494276195323683
3527998021912341
3583806319782034
11963368330
3498275611242432
3607359999889705
3631823885852053
3513863846767570
11080361900
3590936582204591
3586339822120438
3592141320459704
3484493736586908
3538052854629394
3520388656727577
5503088991
3541407325727877
3560976228322705
12726118488
3464943192132435
3542750882579270
3530170734454089
3497868197858352
3534518847926419
3659674417550149
3514951484109847
3517851799591881
3685501779245851
3495972040283583
3578003684074225
3459658855946019
3468508400761438
3503330360102309
3498269995431774
3477988618763611
3550827316537862
9655688637
3490428077072192
10897229905
3472380016193112
3431230529634735
3465271321195434
3607359593286524
3485205002681964
3523649304484137
3534868245953700
3665341765085563
3447838719278793
3501899708266700
3667877514943553
3514350310654819
3562416937976429
12664498610
3544666462965232
4583109919
12091639007
3523648877042655
3642512461393469
3655914499988742
3495961349632483
3613875750619786
3528361064321962
3450053048122468
12288142506
3473224484800249
12885454958
3517849828455171
3509509568055443
3471094898366910
3585616535485487
3497886534818809
3459505469939704
3539936173014974
3494266997831643
3606901050526454
3437037690206170
3557588333757110
3543528208370035
3690488873747828
3509874992373609
3475452641660555
3538239132262020
3532347003278387
3458686242753288
3502820697430517
3498274323928684
3590918504821656
3448596102250730
3453940911341947
11253867480
3679809295384927
3484506323582101
3534852316146081
3693602640862248
3693971844615411
3480155534256159
3584168891656089
3475452616546646
3502269251350448
3550466178331449
3492484656900196
3522924373395624
3533426734554888
12217983466
3634892363587844
3627844233827958
3584169189650845
3629240941481475
3459141186478624
3434816982952082
3619681862587351
8244897333
12820150472
3478962527658560
3597528303503915
3676710832513238
11645160460
3441675634790982
11613988454
3577645956444393
11222600429
3491758652536317
12320416584
3478714064730938
3638519953980993
3675751708537665
11004551831
3651933510337338
3673908073396618
3442481418853253
3462713957402977
3501899192040661
10826858335
3446824050742697
3629821580295378
3531260120548906
3469161525307512
3690645124205469
3445011561953714
9418616192
3499715057955211
3551871442324282
3598663785538168
3593950859937054
3656643642003192
3433941329596828
3575108733603256
3532347225850843
3532695122501497
3476900938606460
3473067232035219
3533429939547126
11221965744
3436194404659599
3636324114005425
3502269545014958
3433778054145278
3601563698597857
3583029953787610
3441383660097939
12318861540
12820854607
11254718584
3439497251490704
3497450415064198
3626930534136850
3618594618905431
3439513118725255
3478346975675322
3506788441820316
3656283741274723
3510189821513514
3504441724449989
3494638071884978
3465616604507640
3442294491558101
3657836226059364
11183125198
3663532094337402
9779463935
3504700119020329
3451896159326161
3493571938518861
3568212639332438
3673315934160168
3686351511592606
3567394473601651
3518089390452324
3446820485317378
3663532060780176
3511328054654514
3533054377012159
3675783966862535
3496827682943253
12034604298
3499625631872708
10689991702
3537057659859772
3524367914497279
3641787249698718
3531941120340086
3431490786679300
3625394022196926
3435397550282116
11005360489
12695065542
3531560806468626
3475039690901593
3556980863608992
3447538683740572
3634540020849464
3662281713561251
3482327407623749
12091668287
3575107697745542
3529445766280449
3519998133637738
3489572010472269
3586704554676567
3480161419213649
3681651362200069
3594676072671323
3551459985282184
3546796439599843
3611338557792460
3480525073707649
3528949306797226
11332747030
3436308376180945
3668964788168941
3553366058086467
3617111450303876
3516039113851513
3507894886808321
3432661219728162
3449189839279956
3443562312383276
3553708539484449
3435937570878368
3489203301773299
3660626872193014
3468514931063464
12162779654
3518565338669761
3489584966942318
3584817196789889
3684174353299601
3639191378002630
3620770229532369
3538820118619996
3484684917276436
3525099103371313
3538814897740719
3445650748423538
3439937116009276
3601925289010298
3497775897675462
3504631684162294
3654448440018595
3574745490128824
3437664072363330
3460546273310813
9450884256
3549370572022422
12090120675
5360766697
3438849088999868
3487773941813558
3501448673113208
3630898430161020
3655919168345919
3434502611792869
3531961143966967
3487178414069993
3471461547181009
3659541868344989
3483677088600947
3546480155375325
3448576388154626
3441697298376691
3537783110832486
3534515248599673
3581994703391249
3478344471470042
3608810184451168
11253674976
3475048486939098
3444272219379287
12726576898
3528352914705213
12440347926
3579095068049006
3507704637620618
12414495906
10596245504
3462807674569716
3494637048331807
3480159653403070
3633768646651192
3619682248253671
3526548239745280
3567136653674750
3523164875056540
3540681480065127
3482700151326640
13203903132
3431228860278932
3556263650219023
3431965359501754
3518084373780928
3591778429426644
3572935057452333
11787087904
3568215164618864
3454158370069533
3492846932100727
3468929635091315
3611642061756513
3431231511336340
12664033198
3667880807813681
3449926606082154
3563508077565466
3487339781203956
3491033344606686
3650475344162234
9336852408
3693247316194746
3688394867553179
3612069452441609
3566411525661375
3512415654736452
3526547086614229
3459859175761939
3553706228210178
3497193669782549
12071114727
13063346484
3589966871676520
3628739260505801
3551806037044491
3493209307508519
3439937712368853
3538279175392204
12853221979
3675089218004301
3508415315797932
3510221337182591
11873583190
3626930844768546
3517489193648377
3542494153559336
3467649449202704
3567280060981761
3464189592642786
3583421848753865
3542493981546553
3612247005539529
3613517036578481
13205070698
3579372747594830
10402270319
3590688816189703
3493768739545271
3455876453338547
5124915263
3596486325137149
3462389846452976
3585611929492768
3522558227887356
3438324876743764
3500457391275982
3602286226123635
3430877935796771
3524356972383069
3499609693595295
8733337753
3524357647125550
3530171497462167
3468927113987413
3525461873106435
9168330930
3503718898964478
3442814253300175
13417782036
3639614424100806
3564597824647005
3437546703327768
3498871512392172
3537970306865328
12726705574
3513468416216215
3584169076393663
10189076488
3618595135603132
3489024192625334
3506817952411712
13100330018
10896959139
3646137259523661
3489089049016874
3646137174795922
3607606004599597
3447547861483022
3669691610355554
3494251860337583
3659174959891360
3504654837264417
3527995798778004
3533003902493135
3687277047380271
3542494392744788
3503332864160723
7348720597
3576778189032270
3647224565395115
3635628119582395
3626048887134943
3693972679362001
11837802008
3552639784455991
3546117281426581
3497475954000720
3581632311496681
3518038597420527
3556626680216978
3633783871467874
3443198104282752
3671141379859525
13275865524
3519300415433868
3533433017778523
3475807236632604
3688160342988062
3520576247149111
12663007436
3572571603576445
3683065748582828
10755739632
3666429490704828
3674617631725998
3466023385067131
3687772772602011
3538082643400257
3640308174500962
3638872174907192
10627055286
3461860399864031
3563499550191424
3483772802773986
3513864764810155
11788026492
3449923461099895
13244291056
3584394540878962
3476901702616475
3504080276402283
3485599266769692
3655914550640260
3573297314929707
3679476514879435
3618957967733057
3498889623249466
3607560638616442
11549180764
3501902212219411
3521649355558743
10375637403
3500037886071663
3505168630663184
3641063799269728
3574746882785673
3487773107454495
3539940476035227
3504081069283555
3683378152919434
3479798908794875
3603702252708908
3541043838943378
11944235826
8805185523
5155328931
3535131878368942
3517127246145142
3533428932648839
3614245922538497
3497467926547459
3513458484528499
6300161775
8025060387
3492847175435293
3581631639697934
3520739321655970
3610762545288434
3623220051921337
3572570345775660
12695512964
3498644277679333
3650075752236851
3559777089037081
3652286834625768
3515570257827016
9870469589
3432952375871351
3442394878288948
3541591228315975
3522563084974032
3461673681861044
3467470293758031
11111192528
3450809540624591
3579818148478234
3599250505797972
3537058587123454
3649036005177446
3635237198016997
3675066719656955
4655484863
3495965648820880
3654241056553871
3436221394759868
3533794960801309
3517127279707854
3439501617989602
10276391917
3445012135801368
3521475090385824
3539604298615141
3463366842612838
3633091350588161
3435226292608846
3486908975574158
3550827044540327
3491392947295217
3488131343069735
3463065243217426
13172370214
3520388745059583
10932789204
12695585126
3577646027991009
3679107567552669
3471447018505175
3618044108249494
9624944661
3478713406418470
3466392886449857
9336971611
3617138864185835
3466393016510094
3449723124357728
3674403428496252
3488643824348820
3474726662318343
3574381252628542
3617117661843783
3652600546783478
3461662084591146
12442329370
3487165072180570
3647566757936009
12726784340
4655559643
3430152690624619
3486688405703165
3648490913471131
3535443205803747
3461318323189724
12123213706
3505168446637010
3620044515066642
3437038370353137
3461998882473751
3692884458714770
8980862201
3467620471081810
3438126712625357
3590847268112772
3520647763866891
3513865146520654
3443197621791689
3522923463392487
3458611764623621
3600109428774504
3585255220926518
3654109360102680
3492483105635164
3564962301422888
3666780188565758
12788488086
3491758837369120
3466559253185680
3681650875927989
3480528210276525
3641425834902853
3521811331081311
4899667273
3647224606716187
12287727103
9020328467
3444649723405400
4797774195
3620770247319228
3566049632681885
3570760264043358
3566047686974981
3448272473065999
3518093202527963
3467477021043106
3492120985737840
3515314811949585
3592866397513102
3532346789604306
3562787412287907
12216647286
3524005681870859
3651557289355820
3471807346984830
3517127263003572
13204227708
3531260389010566
3570390821048068
3477989117589821
12477535006
3512553508509210
3475812663319170
3664618097051795
3571837559080589
3586704714104990
5484516113
3522200353278168
3638163824071052
3564237047809215
3614971407561380
9656869647
3618957280025178
3483251991815500
3514952948621219
3431580661805230
3434123093914908
3464440706287072
3687752183502808
3493571552813069
3520689485118838
3479604658932357
3499370114821597
3543916475030592
3450436449719481
9625080948
3521475115554592
3593383098486552
3646861967361026
3451896830701129
3641063451862718
3530782356144891
3609897889183181
3693247799155821
3474295018100641
3597547379608131
3513415538078719
12993249791
3497885721431130
3525824579642062
3480524767435929
3628739004989294
3641787962778801
3511691541331050
3498283227865304
3643600103133803
3491387909846822
3435379665282363
3561338208758770
3501902090262385
3509508498195418
3496411741555677
3488491822842461
3639194192408193
3504081404663103
9131655687
3670047614500873
3516763150499458
3626047238603102
3466755555287130
3494274467714165
3672930778793583
3477264421699168
3521769870254421
4837795857
3488136284266282
3525097014637449
3581630880998635
10031080900
3633929754208460
3622725757288236
3528985663560555
3489762868350456
3694204825800094
3453709093058161
3668578479790102
3469654431140098
3660623290187048
3529446583363723
3510375754783002
12603156956
3466392541755336
3559104871961786
3505168220090831
3630376125241727
10031994215
3542122865066218
8336201314
3480826623197529
3469652535729793
10657729500
3443562526241064
3459500143198767
3694256034122979
3470379446370355
12441071542
3509152141445666
3446822750294525
3482907555552365
3531259877515654
8949574161
3666066452659216
7704392289
3438378559523372
3654811868025904
3639614067271919
3508426460182136
3651935573504942
3454588520404618
3660626562233534
3539215667243028
3493209416176659
3604824161739869
9960041025
3477626973107130
3513487508584852
3450810002693405
3635990108954730
12567336696
3568586549005539
3472053996505987
3598663592779779
3435939986828682
3631455411910942
3497188615627487
3593571175148972
3582716732064043
3481613423560979
3432326711466147
7795755083
3458360282330401
3460231876601293
3507704926131049
3543218014130730
3679069658621812
3434502733202020
3571122711015581
3432870750195265
3457691106256894
3689261129609334
6269509427
9275231950
9274490322
3465609641626826
3633999207586325
3501471901302713
3591273523089236
3618595818902962
9275630502
3536621028566994
3476176028912560
3555529441411123
5298289807
3621857347344100
3484805016462942
3528358769865925
3474727475292899
3505168476004366
3473987813816419
3431965531825418
3657731719835842
3456603724571825
3640587963933342
3586701995883034
3477625093600478
3525823727930350
3558782946291454
3454248316861095
3547192205633408
3527634254399815
3492483864639166
3642863512276057
3669692328087413
3535416110186787
3526174556706675
3448272406834079
3540682113721314
3656284378849931
3518572754229148
3575108201263589
3589142082570480
3607359328700594
3441025991273193
3462392317208962
11582051548
3559129425593953
3613521872877330
3531934573846479
3689261536208464
3530172211194712
3577645083933173
3525823753507473
14380983314
6960227535
3630902271629547
3456738675923110
3623463497645500
3663168595489889
12757196510
3613875284578404
3465292191316062
3486284376973032
3476176616424598
3646136449269914
3581994673753983
12248109164
3558427881902468
3659569257357684
3656646796109642
3496086100774013
3621492741087323
3480788835881601
3448779808304060
3678664644080554
12162929925
3686868958480989
3518567817528877
3443922657617210
3508383649353308
3673316537502943
9561105012
3495745355707342
3624221840083163
3438126506603304
3503718819121734
3576545958636468
3502269506913291
3575470303487373
3448581832841012
3505168442458115
3448825610415077
3431965656743992
3546075639836367
3461311839160250
3474199610249045
3448622945608299
10791822332
3537057459176889
3578370946007051
3556265063850329
3506252091340298
3633770185482048
3437690752311111
3437633965777872
3506743324064029
11756309354
3493571791539208
3504080272421409
11873061201
3550098531314750
10116706483
3618594577455171
3571841098488414
3490478290723254
3609529034410623
3438849466714587
3633224360246902
3631266434291217
3564229694654552
3550466174580695
3487016249779076
3692356043402056
3663531818318651
14412972738
3468929702024762
13099139134
3498268703388468
3676089232345702
3573297411009022
3664618662320776
3510214521178595
13172955886
3543216937072664
3548488501189484
3528356836849324
3686898746663306
3666428840136830
3583421307653361
3450431701737406
3620402435531444
3464209125633595
3644686868660990
3601925511626625
3685970081662608
3517849597130806
13028508694
3548462739941493
3469653466645051
3515315335932276
3549002715169044
3444649676581018
3645296875312877
3506597118390246
3624000036800000
3574382271718257
3470014290385383
3619138053890263
3583806524841308
3568206608143702
3535516198414438
3650848482057519
3465293815229049
3553001879181597
8981731091
3453709281487663
3494647907014065
3667878152278127
3687399542055605
3507341359695377
3545906815359210
10116768398
3444649685734197
11438282137
3647224577354005
3447821472574563
3663168787952119
3453709457328564
3591190588586034
3473218960181198
3610897954623539
12757188524
3634877281100438
3643238013295027
4686030449
3451367123541692
3442434086783354
3500457458516375
3578732931264405
3672591674254395
3691775854107587
12993630272
3525462112765431
3526911491456082
3619681506381135
11644985454
3470376941883467
3443562316466548
3539225465476668
3499369841879465
3456244175932612
3441977461205223
3431965090980329
3448810351611583
3641788689017847
7795559909
3575471813591120
3689261339350742
3540682650303304
3430322773845979
3606635408456768
3562063227910032
3455879121195608
3459794864407828
3442739544858664
3500713676336027
3604100203241841
3612269550057798
3530534641024536
3507338893895265
8336274723
3611334178101650
3675019651271721
12193547111
3559525871583835
3639952052969633
3502269196508767
3602540849052840
3578369804998831
3520708522965606
3598663534380995
3523649505838564
3670772654097398
3541038767548522
11438228886
3684155688475105
3466740958622229
3482699392215301
3614972074256872
12287576636
3549367447613618
3441924092755370
3446091221426273
3445012060939498
3433415028556049
3526549321559518
3557209591730679
3471444853607127
3535181417337498
10756110882
3501182142519018
3515466498715920
3640504019436662
3598999539670215
3529447934328622
3550096350291302
3493209487500803
3587421931346887
3638525461200940
3436675755492282
3462716243513116
3502894014194777
10862149809
3569671934801311
3657008144451719
3446091917713121
3434012913184506
3559932265369691
3432327776874405
3482318272080987
3595008265056709
3431222195910541
3584828580438428
3622806476958102
3556264212458164
11182807885
3518917891023552
7649493651
3440924124745690
3552639252121535
3579343869572450
3458055780417082
3496832531797545
3510965070712242
4582981053
3653126424633984
3608257517804858
3492483889812327
6143686687
3593948344299006
3444649111201786
3524009432099854
3555540095373503
3654108936862236
3440299198396153
3483763394791029
3443562413074590
3676762422419539
3593465998753022
3512415482316096
3430207124169148
3484495179672806
11040712586
3551180506523681
3529044899139928
3502269334783760
3516039851757514
3662081720816038
6045281123
3575832376956841
3622847077144840
3626566225748746
3537783358550455
3681287909019499
3474726447605629
3535187017726054
3625117634837309
12034349680
3452253983854710
3606255270551616
3445522000294802
3563149410056500
3534520453708423
3631514669512855
3600831582821361
3600835864614117
3498638191922415
3484027396442486
3444273179354603
3438306136555506
3683824309425961
3461639435490881
3680925651240153
3521599183907281
3630892867682219
3520388460268903
12161801452
3466392986902833
3679476104637319
3542494400420647
10862013073
3472158233657225
3599154683526874
3505168459223577
3482699412629243
3559526378337117
12633103396
3545624194846219
3686534467104480
3472781653673437
3638885424448200
3582343769975879
3680564382858348
3452981385412272
3664981281560621
3571122593548376
3495745779197561
3504442676823109
3670667448574868
3475452364767556
3451320071343526
3529445656251733
5611446943
3639750886413003
3432328418810838
12069617295
12413651720
3462737210515903
10157134060
3623240423162887
3430875696454249
3550463863325118
3617858472822806
3516762953927518
3470377420492243
3588507081928996
3596485608455751
3516764715471467
7898812073
3509510381726391
12694996550
3439938420753943
3560434668222427
3492121250317318
12886962068
12853344878
3505886888452689
3446376346660369
3432525454467192
3543217431417754
3437378482066600
3552639390154662
3506413026094829
3558074818343334
3461309733744466
3582717343918964
3572935069455917
14608514569
3627836122518469
3450966446107870
3662799508658698
10565129524
3538823356944971
3521113689143663
3567306838324063
3435227609696300
3532347024251689
3642868608663204
12820234617
3661720180733507
3476529634319576
3614609518380419
3540682474099194